2.45765 -1.17965 0.550979 0.0851117 -0.138742 -0.314425 -0.386019 -0.179562 -0.274829 -0.0592241 0.161835 -0.0693626 
2.39044 -1.02944 0.479382 0.17502 -0.148532 -0.311202 -0.383668 -0.235763 -0.163914 -0.0252927 0.0791196 -0.031938 
2.50468 -1.02931 0.304948 0.328811 -0.200359 -0.465015 -0.456508 -0.149061 0.00215063 -0.0337273 0.0231616 0.0553633 
2.44449 -1.17158 0.374493 -0.002339 -0.185774 -0.287626 -0.420909 -0.128274 -0.0871566 -0.0877315 0.14042 0.102397 
2.32438 -1.15673 0.671354 0.438328 -0.0707523 -0.465487 -0.48786 -0.160068 -0.119609 -0.100649 -0.0165485 -0.0479465 
2.39834 -0.827943 0.72554 0.238392 0.00317323 -0.219657 -0.457095 -0.115729 -0.125153 -0.174325 0.0942538 -0.0131124 
1.4242 -0.706761 0.825769 -0.156445 -0.0101455 0.18509 -0.203478 0.0544461 0.0643345 -0.227968 0.00807616 0.147987 
2.10458 -0.494009 0.876867 0.192684 0.0668607 0.00105853 -0.322933 0.00251077 0.065168 -0.125531 0.0724756 0.0784683 
2.19178 -0.612528 0.691547 0.993528 0.117556 -0.138548 0.18859 -0.0811367 -0.233622 -0.0974399 -0.0586654 -0.105905 
1.91964 -0.821976 1.01169 0.933379 -0.0484766 0.069969 0.275677 -0.120157 -0.220916 0.00204596 -0.022965 -0.132817 
2.36628 -0.555358 0.375126 0.700781 -0.0625529 0.0471006 0.126641 -0.252756 -0.191201 0.137239 0.0642734 -0.137463 
2.02351 -0.411522 0.789157 0.664218 0.20775 0.281501 0.21509 -0.171427 -0.0943595 0.0419158 -0.0422771 -0.0376433 
1.93785 -0.699342 0.973324 0.885291 -0.0284503 0.140995 0.0773043 -0.17547 -0.0408852 -0.002727 -0.186061 -0.0972391 
1.88675 -0.576104 0.937649 0.668712 -0.0252211 0.168423 0.0817074 -0.209787 -0.0789892 -0.0910513 -0.100401 0.0216258 
1.96543 -0.678931 0.926313 0.674023 0.0499071 0.146853 -0.0503897 -0.145398 0.0208191 -0.162599 -0.152211 0.078951 
1.70537 -0.729771 0.910126 0.762034 0.306089 0.103082 -0.109076 -0.0475914 0.0958452 -0.115351 -0.156564 -0.0294217 
1.85942 -2.1353 0.424781 0.435031 0.348456 0.54722 0.130699 -0.14678 -0.248454 -0.13542 0.189147 0.0492645 
1.65212 -2.05079 0.431913 0.4663 0.50213 0.479723 0.0380674 -0.100967 -0.246781 -0.0766625 0.254618 -0.00847523 
1.8991 -0.779643 -0.437637 0.49874 0.136793 0.591947 0.459834 -0.00629896 -0.267938 0.0573387 0.0867887 -0.0672754 
1.69853 -0.940492 -0.108712 0.579276 0.187598 0.600068 0.538321 -0.0593949 -0.274445 0.124461 0.243164 0.0386754 
-0.182875 -0.889567 -0.134131 -0.238374 0.115941 -0.00391218 0.214986 0.0842337 -0.0123371 0.0640068 -0.0312144 -0.0356153 
-0.00398314 -0.352517 0.422272 0.174262 0.467535 0.0766897 0.334247 0.177468 -0.0043296 0.132312 0.035422 -0.0248089 
1.64058 -0.771277 0.10754 0.0255687 0.260518 0.38192 0.269544 -0.0108919 0.0330683 0.0786469 -0.0104329 -0.0879392 
1.58332 -0.397342 0.754148 0.18743 0.288679 0.361689 0.230918 0.0670391 0.0784359 0.0672753 0.0125074 0.0716125 
0.948529 -1.78842 0.27226 1.01632 0.430208 0.299259 0.252846 -0.273089 -0.0729672 0.346812 0.198512 -0.135801 
0.869019 -1.78574 0.390722 1.06381 0.414989 0.295067 0.138465 -0.186325 0.0566892 0.285316 0.130996 -0.0809734 
0.999951 -1.78086 0.117539 1.21292 0.387798 0.188079 0.266035 -0.133868 -0.0962426 0.23211 0.221253 -0.0745963 
0.823958 -1.83383 0.338292 1.17758 0.429723 0.114072 0.22706 -0.0549583 -0.0275458 0.193403 0.17352 -0.01352 
1.57317 -1.75827 0.232035 0.497296 0.431429 0.438031 0.137182 -0.176814 -0.224428 -0.0544648 0.121663 0.0365336 
1.5528 -1.90007 0.386565 0.59083 0.452228 0.481088 0.0845038 -0.226388 -0.16433 0.0649874 0.172478 -0.0190118 
1.04598 -1.9366 0.397864 1.01561 0.373459 0.290088 0.143466 -0.141276 -0.000521571 0.174472 0.123293 0.0218328 
1.07587 -1.77452 0.629639 0.777819 0.44859 0.37954 0.0334616 -0.063329 0.102088 0.119245 0.11131 0.0492024 
