A Matrix
0.89761 0.10239 0 0 0 
0 0.742919 0.257081 0 0 
0 0 0.740059 0.259941 0 
0 0 0 0.906634 0.0933663 
0 0 0 0 1 

B Matrix
1e-30 0.0385942 0.0140841 9.475e-31 1e-30 9.975e-31 1e-30 0.00933379 8.475e-31 1e-30 7.9514e-31 8.9975e-31 1e-30 1e-30 1e-30 0.00328125 1e-30 1e-30 1e-30 1e-30 0.0737277 0.426735 0.0387279 0.395516 1e-30 1e-30 1e-30 1e-30 1e-30 1e-30 1e-30 1e-30 
1e-30 0.0492106 0.602176 1.11331e-06 1e-30 1.01406e-30 1e-30 0.111543 7.94875e-31 1e-30 0.0103099 3.28085e-05 1e-30 1e-30 1e-30 1.5164e-05 1e-30 1e-30 1e-30 1e-30 0.0613603 0.139522 0.0114355 0.0143944 1e-30 1e-30 1e-30 1e-30 1e-30 1e-30 1e-30 1e-30 
1e-30 0.00315887 0.0251577 0.00574215 1e-30 0.0217956 1e-30 0.260296 0.0241585 1e-30 0.298428 0.096933 1e-30 1e-30 1e-30 0.164879 1e-30 1e-30 1e-30 1e-30 0.00282002 0.0966242 7.94513e-26 6.51539e-06 1e-30 1e-30 1e-30 1e-30 1e-30 1e-30 1e-30 1e-30 
1e-30 9.4475e-31 4.53641e-23 2.15723e-23 1e-30 1.84116e-26 1e-30 0.068456 0.000298992 1e-30 0.00765156 0.041109 1e-30 1e-30 1e-30 0.0192073 1e-30 1e-30 1e-30 1e-30 7.89625e-31 0.0858125 0.0377731 0.739692 1e-30 1e-30 1e-30 9.5e-31 1e-30 1e-30 1e-30 1e-30 
1e-30 9.4725e-31 0.0159209 9.9725e-31 1e-30 9.99875e-31 0.000538764 0.0209028 0.0478143 0.00113805 0.0513964 0.0129145 1e-30 0.000614176 0.00122869 0.0405405 1e-30 1e-30 1e-30 1e-30 0.00857776 0.607267 0.0338464 0.144551 1e-30 1e-30 1e-30 0.0127489 1e-30 1e-30 1e-30 1e-30 

PI Matrix
1 0 0 0 0 