A Matrix
0.756199 0.243801 0 0 0 
0 0.876228 0.123772 0 0 
0 0 0.82498 0.17502 0 
0 0 0 0.960131 0.0398686 
0 0 0 0 1 

B Matrix
1e-30 1e-30 1e-30 1e-30 1e-30 1e-30 1e-30 0.0281416 1e-30 1e-30 8.49875e-31 9.40457e-31 1e-30 1e-30 1e-30 0.0217322 1e-30 1e-30 1e-30 1e-30 0.0263125 0.118413 0.0324043 0.772997 1e-30 1e-30 1e-30 1e-30 1e-30 1e-30 1e-30 9.47375e-31 
1e-30 1e-30 1e-30 1e-30 1e-30 1e-30 1e-30 0.0046212 1e-30 1e-30 7.91875e-31 6.11474e-21 1e-30 1e-30 1e-30 2.10649e-08 1e-30 1e-30 1e-30 1e-30 1e-30 0.343591 1.25285e-09 0.651787 1e-30 1e-30 1e-30 1e-30 1e-30 1e-30 1e-30 1.10983e-13 
1e-30 1e-30 1e-30 1e-30 1e-30 1e-30 1e-30 7.23241e-08 9.99875e-31 1e-30 5.8175e-31 0.00460034 1e-30 1e-30 1e-30 3.60221e-26 1e-30 1e-30 1e-30 1e-30 9.5e-31 0.109575 0.040226 0.793083 1e-30 1e-30 1e-30 1e-30 1e-30 1e-30 1e-30 0.0525161 
1e-30 1e-30 1e-30 1e-30 1e-30 1e-30 1e-30 2.24642e-07 9.47375e-31 1e-30 0.0157611 0.00234715 1e-30 1e-30 1e-30 1.82386e-13 1e-30 1e-30 9.99875e-31 1e-30 9.4475e-31 0.739028 0.0458151 0.197048 1e-30 1e-30 1e-30 1e-30 1e-30 1e-30 1e-30 3.8409e-17 
1e-30 1e-30 1e-30 1e-30 1e-30 1e-30 0.000488119 0.0152892 0.000689889 1e-30 0.022566 5.68445e-05 1e-30 1e-30 1e-30 0.00121857 1e-30 1e-30 0.00135549 1e-30 0.00550545 0.19065 0.130425 0.631755 1e-30 1e-30 1e-30 1e-30 1e-30 1e-30 1e-30 9.99875e-31 

PI Matrix
1 0 0 0 0 