A Matrix
0.649843 0.350157 0 0 0 
0 0.602457 0.397543 0 0 
0 0 0.620098 0.379902 0 
0 0 0 0.936161 0.0638387 
0 0 0 0 1 

B Matrix
1e-30 1e-30 1e-30 1e-30 1e-30 1e-30 0.05 9.5e-31 1e-30 1e-30 1e-30 1e-30 1e-30 1e-30 1e-30 1e-30 1e-30 1e-30 1e-30 1e-30 0.0128788 0.397663 0.0915213 0.447937 1e-30 1e-30 1e-30 1e-30 1e-30 1e-30 1e-30 9.5e-31 
1e-30 1e-30 1e-30 1e-30 1e-30 1e-30 1e-30 9.082e-31 9.5e-31 1e-30 1e-30 1e-30 1e-30 1e-30 1e-30 1e-30 1e-30 1e-30 1e-30 1e-30 0.0500019 0.140532 0.11187 0.697596 1e-30 1e-30 1e-30 1e-30 1e-30 1e-30 1e-30 9.5e-31 
1e-30 1e-30 1e-30 1e-30 1e-30 1e-30 0.0166666 0.0452991 0.0043562 1e-30 1e-30 1e-30 1e-30 1e-30 1e-30 1e-30 1e-30 1e-30 1e-30 1e-30 0.113301 0.757896 0.0554377 0.0070432 1e-30 1e-30 1e-30 1e-30 1e-30 1e-30 1e-30 9.5e-31 
1e-30 1e-30 1e-30 1e-30 1e-30 1e-30 9.5e-31 9.00002e-31 9.5e-31 1e-30 1e-30 1e-30 1e-30 1e-30 1e-30 1e-30 1e-30 1e-30 1e-30 1e-30 0.842175 0.155877 4.83234e-25 0.00194823 1e-30 1e-30 1e-30 1e-30 1e-30 1e-30 1e-30 9e-31 
1e-30 1e-30 1e-30 1e-30 1e-30 1e-30 1e-30 9.5e-31 9.5e-31 1e-30 1e-30 1e-30 1e-30 1e-30 1e-30 1e-30 1e-30 1e-30 1e-30 0.00139242 0.00276679 0.325134 0.0699266 0.584113 1e-30 1e-30 1e-30 1e-30 1e-30 1e-30 1e-30 0.0166665 

PI Matrix
1 0 0 0 0 