A Matrix
0.609391 0.390609 0 0 0 
0 0.851642 0.148358 0 0 
0 0 0.667938 0.332062 0 
0 0 0 0.971228 0.0287716 
0 0 0 0 1 

B Matrix
1e-30 1e-30 1e-30 8.97375e-31 1e-30 1e-30 0.0604607 8.97375e-31 1e-30 1e-30 1e-30 9.47375e-31 1e-30 1e-30 1e-30 1e-30 1e-30 1e-30 8.94626e-31 0.0135302 0.0820481 0.206801 0.101368 0.535792 1e-30 1e-30 1e-30 1e-30 1e-30 1e-30 1e-30 9.47375e-31 
1e-30 1e-30 1e-30 8.97375e-31 1e-30 1e-30 1.37773e-08 8.9225e-31 1e-30 1e-30 8.9475e-31 9.47375e-31 1e-30 1e-30 1e-30 1e-30 1e-30 1e-30 0.00269903 0.00375456 0.0131172 0.141408 0.000202677 0.838819 1e-30 1e-30 1e-30 1e-30 1e-30 1e-30 1e-30 9.47375e-31 
1e-30 1e-30 1e-30 1.54085e-28 1e-30 1e-30 8.9475e-31 8.04096e-31 1e-30 1e-30 0.0429817 7.9225e-31 1e-30 1e-30 1e-30 9.5e-31 1e-30 1e-30 0.0275747 0.0168244 0.183561 0.394288 0.175482 0.149005 1e-30 1e-30 1e-30 1e-30 1e-30 1e-30 1e-30 0.0102837 
1e-30 1e-30 1e-30 7.53583e-16 1e-30 1e-30 9.4475e-31 6.66793e-19 9.475e-31 1e-30 0.000969067 0.00470485 1e-30 1e-30 1e-30 0.00183745 1e-30 1e-30 0.00235082 3.70871e-05 0.0285094 0.570957 0.220145 0.17049 1e-30 1e-30 1e-30 1e-30 1e-30 1e-30 1e-30 2.33967e-11 
1e-30 1e-30 1e-30 0.0022959 1e-30 1e-30 0.00342763 0.0117211 0.000740179 1e-30 0.00085255 0.00322215 1e-30 1e-30 1e-30 0.00711179 1e-30 1e-30 4.01971e-05 7.7196e-15 0.00856362 0.13212 0.0218306 0.808075 1e-30 1e-30 1e-30 1e-30 1e-30 1e-30 1e-30 9.49875e-31 

PI Matrix
1 0 0 0 0 