A Matrix
0.751909 0.248091 0 0 0 
0 0.802567 0.197433 0 0 
0 0 0.628972 0.371028 0 
0 0 0 0.855195 0.144805 
0 0 0 0 1 

B Matrix
1e-30 1e-30 1e-30 1e-30 1e-30 1e-30 1e-30 1e-30 1e-30 1e-30 1e-30 1e-30 1e-30 1e-30 1e-30 1e-30 1e-30 1e-30 9e-31 9.5e-31 0.00404112 0.297443 0.112228 0.586288 1e-30 9.5e-31 1e-30 1e-30 1e-30 1e-30 1e-30 1e-30 
1e-30 1e-30 1e-30 1e-30 1e-30 1e-30 9.5e-31 1e-30 1e-30 1e-30 1e-30 1e-30 1e-30 1e-30 1e-30 1e-30 1e-30 1e-30 1.10609e-28 9e-31 0.101803 0.647131 0.0924516 0.158614 1e-30 9.5e-31 1e-30 1e-30 1e-30 1e-30 1e-30 1e-30 
1e-30 1e-30 1e-30 1e-30 1e-30 1e-30 9.5e-31 1e-30 1e-30 1e-30 1e-30 1e-30 1e-30 1e-30 1e-30 1e-30 1e-30 1e-30 0.0271359 0.0383725 0.179213 0.281846 0.161927 0.311505 1e-30 9.5e-31 1e-30 1e-30 1e-30 1e-30 1e-30 9.5e-31 
1e-30 1e-30 1e-30 1e-30 1e-30 1e-30 9.5e-31 1e-30 1e-30 1e-30 1e-30 1e-30 1e-30 1e-30 1e-30 9.5e-31 1e-30 1e-30 0.0172592 9.00032e-31 2.79066e-07 0.179367 0.704577 0.0987967 1e-30 9e-31 1e-30 1e-30 1e-30 1e-30 1e-30 9.5e-31 
1e-30 1e-30 1e-30 1e-30 1e-30 1e-30 0.00054731 1e-30 1e-30 1e-30 1e-30 1e-30 1e-30 1e-30 1e-30 0.000623945 1e-30 1e-30 0.00054731 0.0017106 0.0776877 0.439029 0.0597602 0.416937 1e-30 0.00260861 1e-30 1e-30 1e-30 1e-30 1e-30 0.000548015 

PI Matrix
1 0 0 0 0 