A Matrix
0.55676 0.44324 0 0 0 
0 0.875214 0.124786 0 0 
0 0 0.723724 0.276276 0 
0 0 0 0.974739 0.0252615 
0 0 0 0 1 

B Matrix
1e-30 9e-31 9.5e-31 9e-31 1e-30 1e-30 9.5e-31 0.189377 1e-30 1e-30 1e-30 1e-30 1e-30 1e-30 1e-30 9.5e-31 1e-30 1e-30 1e-30 1e-30 0.05 0.35956 0.0212869 0.379775 1e-30 1e-30 1e-30 1e-30 1e-30 1e-30 1e-30 1e-30 
1e-30 9e-31 9e-31 9e-31 1e-30 1e-30 9.5e-31 0.0058322 1e-30 1e-30 1e-30 1e-30 1e-30 1e-30 1e-30 0.00423656 1e-30 1e-30 1e-30 1e-30 0.0513486 0.435007 3.94656e-19 0.503576 1e-30 1e-30 1e-30 1e-30 1e-30 1e-30 1e-30 1e-30 
1e-30 9e-31 8.5e-31 9e-31 1e-30 1e-30 0.00714285 0.048409 1e-30 1e-30 1e-30 1e-30 1e-30 1e-30 1e-30 9.5e-31 1e-30 1e-30 1e-30 1e-30 0.100159 0.289417 6.60856e-10 0.554872 1e-30 1e-30 1e-30 1e-30 1e-30 1e-30 1e-30 1e-30 
1e-30 1.19143e-26 8e-31 1.66542e-15 1e-30 1e-30 9.5e-31 0.00231622 1e-30 1e-30 9.5e-31 1e-30 1e-30 1e-30 1e-30 9.5e-31 1e-30 1e-30 1e-30 1e-30 0.00179848 0.671275 0.0547517 0.269859 1e-30 1e-30 1e-30 1e-30 1e-30 1e-30 1e-30 1e-30 
1e-30 0.00779916 0.00433691 0.0026677 1e-30 1e-30 1e-30 0.0428824 1e-30 1e-30 0.00189623 1e-30 1e-30 1e-30 1e-30 9.5e-31 1e-30 1e-30 1e-30 1e-30 0.401313 0.340715 0.000214245 0.198175 1e-30 1e-30 1e-30 1e-30 1e-30 1e-30 1e-30 1e-30 

PI Matrix
1 0 0 0 0 