A Matrix
0.634066 0.365934 0 0 0 
0 0.606273 0.393727 0 0 
0 0 0.79074 0.20926 0 
0 0 0 0.888228 0.111772 
0 0 0 0 1 

B Matrix
1e-30 1e-30 1e-30 1e-30 1e-30 1e-30 0.00418796 0.163615 1e-30 1e-30 1e-30 0.0245481 1e-30 1e-30 1e-30 1e-30 1e-30 1e-30 1e-30 1e-30 8.47675e-07 0.130125 5.5e-31 0.677523 1e-30 1e-30 1e-30 1e-30 1e-30 1e-30 1e-30 1e-30 
1e-30 1e-30 1e-30 1e-30 1e-30 1e-30 0.18652 0.331136 1e-30 1e-30 1e-30 6.24815e-08 1e-30 1e-30 1e-30 9.5e-31 1e-30 1e-30 9.5e-31 1e-30 0.00590625 0.0272556 1.92863e-10 0.449183 1e-30 1e-30 1e-30 1e-30 1e-30 1e-30 1e-30 1e-30 
1e-30 1e-30 1e-30 1e-30 1e-30 1e-30 0.00281421 0.00495389 1e-30 1e-30 1e-30 8.91045e-10 1e-30 1e-30 1e-30 9.5e-31 1e-30 1e-30 7.5e-31 1e-30 0.156681 0.108005 0.0151345 0.712411 1e-30 1e-30 1e-30 1e-30 1e-30 1e-30 1e-30 1e-30 
1e-30 9.5e-31 1e-30 9.5e-31 1e-30 1e-30 0.00190308 0.000463485 9.5e-31 1e-30 1e-30 0.013236 1e-30 0.00112708 1e-30 0.00141562 1e-30 1e-30 0.0137898 1e-30 0.0021412 0.417614 0.194283 0.354027 1e-30 1e-30 1e-30 1e-30 1e-30 1e-30 1e-30 1e-30 
1e-30 0.00100823 1e-30 0.00241315 1e-30 1e-30 1.98776e-09 0.00696654 0.0010796 1e-30 0.000933445 0.00298299 1e-30 9.5e-31 1e-30 0.00388855 1e-30 1e-30 0.00392072 0.00052059 0.0306222 0.382735 0.0874039 0.475525 1e-30 1e-30 1e-30 1e-30 1e-30 1e-30 1e-30 1e-30 

PI Matrix
1 0 0 0 0 